# End points of segments: 
#   0.00000000 0.20877740 0.31316630 0.49415380 0.59051150 
0.000000 -0.000818
0.004176 0.164214
0.008351 0.328379
0.012527 0.492436
0.016702 0.656334
0.020878 0.820017
0.025053 0.983426
0.029229 1.146503
0.033404 1.309185
0.037580 1.471406
0.041756 1.633098
0.045931 1.794187
0.050107 1.954597
0.054282 2.113409
0.058458 2.271250
0.062633 2.428046
0.066809 2.583725
0.070984 2.738216
0.075160 2.891448
0.079335 3.043353
0.083511 3.193861
0.087687 3.342904
0.091862 3.490415
0.096038 3.636329
0.100213 3.780579
0.104389 3.923102
0.108564 4.063833
0.112740 4.202709
0.116915 4.339668
0.121091 4.474648
0.125267 4.607120
0.129442 4.732860
0.133618 4.855176
0.137793 4.973849
0.141969 5.088647
0.146144 5.199325
0.150320 5.305619
0.154495 5.407251
0.158671 5.503920
0.162846 5.595305
0.167022 5.681060
0.171198 5.760814
0.175373 5.834167
0.179549 5.900695
0.183724 5.959948
0.187900 6.011452
0.192075 6.054720
0.196251 6.089264
0.200426 6.114602
0.204602 6.130290
0.208777 6.135939

0.208777 6.135939
0.210865 6.134508
0.212953 6.130459
0.215041 6.123773
0.217129 6.114442
0.219216 6.102466
0.221304 6.087857
0.223392 6.070639
0.225480 6.050846
0.227567 6.028527
0.229655 6.003739
0.231743 5.976555
0.233831 5.947058
0.235919 5.915343
0.238006 5.881516
0.240094 5.845693
0.242182 5.808002
0.244270 5.768578
0.246357 5.727564
0.248445 5.685113
0.250533 5.641383
0.252621 5.596539
0.254709 5.550751
0.256796 5.504194
0.258884 5.457048
0.260972 5.409495
0.263060 5.361720
0.265147 5.313912
0.267235 5.266261
0.269323 5.218958
0.271411 5.172193
0.273498 5.126160
0.275586 5.081050
0.277674 5.037051
0.279762 4.994352
0.281850 4.953138
0.283937 4.913590
0.286025 4.875885
0.288113 4.840194
0.290201 4.806681
0.292289 4.775504
0.294376 4.746811
0.296464 4.720739
0.298552 4.697417
0.300640 4.676960
0.302727 4.659470
0.304815 4.645037
0.306903 4.633733
0.308991 4.625616
0.311078 4.620730
0.313166 4.619098

0.313166 4.619098
0.316786 4.616726
0.320406 4.609613
0.324026 4.597770
0.327645 4.581212
0.331265 4.559961
0.334885 4.534047
0.338505 4.503505
0.342124 4.468376
0.345744 4.428706
0.349364 4.384548
0.352984 4.335960
0.356603 4.283006
0.360223 4.225754
0.363843 4.164276
0.367463 4.098652
0.371082 4.028962
0.374702 3.955293
0.378322 3.877735
0.381942 3.796382
0.385561 3.711330
0.389181 3.622678
0.392801 3.530531
0.396421 3.434993
0.400040 3.336172
0.403660 3.234177
0.407280 3.129121
0.410900 3.021117
0.414519 2.910281
0.418139 2.796729
0.421759 2.680579
0.425379 2.561949
0.428998 2.440961
0.432618 2.317735
0.436238 2.192392
0.439858 2.065055
0.443477 1.935847
0.447097 1.804891
0.450717 1.672310
0.454337 1.538229
0.457956 1.402773
0.461576 1.266065
0.465196 1.128230
0.468816 0.989393
0.472435 0.849680
0.476055 0.709215
0.479675 0.568124
0.483295 0.426531
0.486914 0.284562
0.490534 0.142342
0.494154 -0.000818

0.494154 -0.000818
0.496081 0.070125
0.498008 0.140241
0.499935 0.210327
0.501862 0.280367
0.503790 0.350348
0.505717 0.420254
0.507644 0.490070
0.509571 0.559783
0.511498 0.629376
0.513425 0.698835
0.515352 0.768145
0.517280 0.837291
0.519207 0.906258
0.521134 0.975031
0.523061 1.043596
0.524988 1.111936
0.526915 1.180038
0.528843 1.247887
0.530770 1.315466
0.532697 1.382762
0.534624 1.449759
0.536551 1.516442
0.538478 1.582796
0.540405 1.648807
0.542333 1.714458
0.544260 1.779736
0.546187 1.844625
0.548114 1.909109
0.550041 1.973175
0.551968 2.036806
0.553896 2.099988
0.555823 2.162706
0.557750 2.224944
0.559677 2.286688
0.561604 2.347922
0.563531 2.408632
0.565458 2.468802
0.567386 2.528418
0.569313 2.587464
0.571240 2.645926
0.573167 2.703788
0.575094 2.761036
0.577021 2.817654
0.578949 2.873629
0.580876 2.928944
0.582803 2.983586
0.584730 3.037540
0.586657 3.090791
0.588584 3.143325
0.590511 3.195126


0.000000 -0.000818
0.004176 0.164678
0.008351 0.329281
0.012527 0.493733
0.016702 0.657958
0.020878 0.821882
0.025053 0.985430
0.029229 1.148525
0.033404 1.311093
0.037580 1.473058
0.041756 1.634347
0.045931 1.794885
0.050107 1.954597
0.054282 2.114246
0.058458 2.273048
0.062633 2.430911
0.066809 2.587740
0.070984 2.743432
0.075160 2.897882
0.079335 3.050975
0.083511 3.202593
0.087687 3.352612
0.091862 3.500902
0.096038 3.647324
0.100213 3.791737
0.104389 3.933990
0.108564 4.073927
0.112740 4.211384
0.116915 4.346189
0.121091 4.478164
0.125267 4.607588
0.129442 4.738426
0.133618 4.867103
0.137793 4.993558
0.141969 5.117732
0.146144 5.239565
0.150320 5.358999
0.154495 5.475974
0.158671 5.590431
0.162846 5.702311
0.167022 5.811554
0.171198 5.918099
0.175373 6.021885
0.179549 6.122847
0.183724 6.220919
0.187900 6.316029
0.192075 6.408100
0.196251 6.497046
0.200426 6.582767
0.204602 6.665144
0.208777 6.744031

0.208777 6.744031
0.210865 6.707372
0.212953 6.669020
0.215041 6.630692
0.217129 6.592457
0.219216 6.554360
0.221304 6.516440
0.223392 6.478733
0.225480 6.441277
0.227567 6.404107
0.229655 6.367259
0.231743 6.330767
0.233831 6.294666
0.235919 6.258991
0.238006 6.223776
0.240094 6.189053
0.242182 6.154856
0.244270 6.121219
0.246357 6.088173
0.248445 6.055751
0.250533 6.023986
0.252621 5.992908
0.254709 5.962549
0.256796 5.932940
0.258884 5.904110
0.260972 5.876090
0.263060 5.848908
0.265147 5.822594
0.267235 5.797174
0.269323 5.772676
0.271411 5.749127
0.273498 5.726551
0.275586 5.704974
0.277674 5.684420
0.279762 5.664910
0.281850 5.646468
0.283937 5.629113
0.286025 5.612866
0.288113 5.597745
0.290201 5.583768
0.292289 5.570950
0.294376 5.559307
0.296464 5.548852
0.298552 5.539598
0.300640 5.531556
0.302727 5.524734
0.304815 5.519141
0.306903 5.514785
0.308991 5.511669
0.311078 5.509798
0.313166 5.509174

0.313166 5.509174
0.316786 5.504240
0.320406 5.489514
0.324026 5.465221
0.327645 5.431712
0.331265 5.389442
0.334885 5.338932
0.338505 5.280746
0.342124 5.215458
0.345744 5.143635
0.349364 5.065820
0.352984 4.982525
0.356603 4.894222
0.360223 4.801343
0.363843 4.704281
0.367463 4.603393
0.371082 4.499000
0.374702 4.391392
0.378322 4.280830
0.381942 4.167551
0.385561 4.051769
0.389181 3.933678
0.392801 3.813454
0.396421 3.691258
0.400040 3.567239
0.403660 3.441532
0.407280 3.314260
0.410900 3.185539
0.414519 3.055474
0.418139 2.924165
0.421759 2.791701
0.425379 2.658168
0.428998 2.523645
0.432618 2.388204
0.436238 2.251915
0.439858 2.114841
0.443477 1.977043
0.447097 1.838578
0.450717 1.699499
0.454337 1.559857
0.457956 1.419701
0.461576 1.279078
0.465196 1.138035
0.468816 0.996615
0.472435 0.854865
0.476055 0.712830
0.479675 0.570555
0.483295 0.428087
0.486914 0.285473
0.490534 0.142761
0.494154 -0.000818

0.494154 -0.000818
0.496081 0.070125
0.498008 0.140241
0.499935 0.210327
0.501862 0.280367
0.503790 0.350348
0.505717 0.420254
0.507644 0.490070
0.509571 0.559783
0.511498 0.629376
0.513425 0.698835
0.515352 0.768145
0.517280 0.837291
0.519207 0.906258
0.521134 0.975031
0.523061 1.043596
0.524988 1.111936
0.526915 1.180038
0.528843 1.247887
0.530770 1.315466
0.532697 1.382762
0.534624 1.449759
0.536551 1.516442
0.538478 1.582796
0.540405 1.648807
0.542333 1.714458
0.544260 1.779736
0.546187 1.844625
0.548114 1.909109
0.550041 1.973175
0.551968 2.036806
0.553896 2.099988
0.555823 2.162706
0.557750 2.224944
0.559677 2.286688
0.561604 2.347922
0.563531 2.408632
0.565458 2.468802
0.567386 2.528418
0.569313 2.587464
0.571240 2.645926
0.573167 2.703788
0.575094 2.761036
0.577021 2.817654
0.578949 2.873629
0.580876 2.928944
0.582803 2.983586
0.584730 3.037540
0.586657 3.090791
0.588584 3.143325
0.590511 3.195126


0.000000 -0.000262
0.004176 0.305697
0.008351 0.611013
0.012527 0.915564
0.016702 1.218970
0.020878 1.520854
0.025053 1.820841
0.029229 2.118558
0.033404 2.413639
0.037580 2.705721
0.041756 2.994448
0.045931 3.279468
0.050107 3.560433
0.054282 3.837003
0.058458 4.108835
0.062633 4.375586
0.066809 4.636888
0.070984 4.892316
0.075160 5.141240
0.079335 5.382182
0.083511 5.607515
0.087687 5.768961
0.091862 5.876473
0.096038 5.976994
0.100213 6.076520
0.104389 6.175819
0.108564 6.274896
0.112740 6.373559
0.116915 6.471556
0.121091 6.568605
0.125267 6.664415
0.129442 6.758687
0.133618 6.851121
0.137793 6.941413
0.141969 7.029257
0.146144 7.114345
0.150320 7.196361
0.154495 7.274987
0.158671 7.349894
0.162846 7.420746
0.167022 7.459717
0.171198 7.399788
0.175373 7.336219
0.179549 7.269536
0.183724 7.200222
0.187900 7.128715
0.192075 7.055424
0.196251 6.980730
0.200426 6.904991
0.204602 6.828550
0.208777 6.751734

0.208777 6.751734
0.210865 6.787883
0.212953 6.824802
0.215041 6.860780
0.217129 6.895742
0.219216 6.929635
0.221304 6.962398
0.223392 6.993960
0.225480 7.024236
0.227567 7.053119
0.229655 7.080480
0.231743 7.106158
0.233831 7.129954
0.235919 7.151622
0.238006 7.170866
0.240094 7.187337
0.242182 7.200640
0.244270 7.210363
0.246357 7.216124
0.248445 7.217638
0.250533 7.214786
0.252621 7.207656
0.254709 7.196543
0.256796 7.181893
0.258884 7.164238
0.260972 7.144125
0.263060 7.122076
0.265147 7.098562
0.267235 7.073996
0.269323 7.048740
0.271411 7.023107
0.273498 6.997369
0.275586 6.971766
0.277674 6.946510
0.279762 6.921792
0.281850 6.897782
0.283937 6.874637
0.286025 6.852498
0.288113 6.831493
0.290201 6.811741
0.292289 6.793350
0.294376 6.776417
0.296464 6.761029
0.298552 6.747267
0.300640 6.735198
0.302727 6.724884
0.304815 6.716375
0.306903 6.709714
0.308991 6.704932
0.311078 6.702054
0.313166 6.701093

0.313166 6.701093
0.316786 6.699264
0.320406 6.693782
0.324026 6.684663
0.327645 6.671932
0.331265 6.655624
0.334885 6.635784
0.338505 6.612468
0.342124 6.585741
0.345744 6.555678
0.349364 6.522364
0.352984 6.485894
0.356603 6.446373
0.360223 6.403914
0.363843 6.358640
0.367463 6.310685
0.371082 6.260192
0.374702 6.207312
0.378322 6.152205
0.381942 6.095043
0.385561 6.036006
0.389181 5.975281
0.392801 5.913066
0.396421 5.849569
0.400040 5.785005
0.403660 5.719599
0.407280 5.653584
0.410900 5.587201
0.414519 5.479495
0.418139 5.260005
0.421759 5.036428
0.425379 4.808951
0.428998 4.577761
0.432618 4.343045
0.436238 4.104993
0.439858 3.863794
0.443477 3.619639
0.447097 3.372719
0.450717 3.123227
0.454337 2.871357
0.457956 2.617302
0.461576 2.361259
0.465196 2.103424
0.468816 1.843993
0.472435 1.583166
0.476055 1.321139
0.479675 1.058112
0.483295 0.794285
0.486914 0.529857
0.490534 0.265028
0.494154 -0.000262

0.494154 -0.000262
0.496081 0.151627
0.498008 0.303224
0.499935 0.454758
0.501862 0.606200
0.503790 0.757518
0.505717 0.908682
0.507644 1.059660
0.509571 1.210422
0.511498 1.360936
0.513425 1.511172
0.515352 1.661098
0.517280 1.810684
0.519207 1.959899
0.521134 2.108712
0.523061 2.257092
0.524988 2.405008
0.526915 2.552429
0.528843 2.699323
0.530770 2.845661
0.532697 2.991410
0.534624 3.136540
0.536551 3.281020
0.538478 3.424819
0.540405 3.567906
0.542333 3.710249
0.544260 3.851817
0.546187 3.992580
0.548114 4.121603
0.550041 4.089338
0.551968 4.056054
0.553896 4.021764
0.555823 3.986477
0.557750 3.950206
0.559677 3.912963
0.561604 3.874759
0.563531 3.835606
0.565458 3.795518
0.567386 3.754505
0.569313 3.712582
0.571240 3.669762
0.573167 3.626056
0.575094 3.581479
0.577021 3.536044
0.578949 3.489764
0.580876 3.442654
0.582803 3.394726
0.584730 3.345996
0.586657 3.296476
0.588584 3.246182
0.590511 3.195126


0.000000 4.576762
0.004176 4.580081
0.008351 4.590018
0.012527 4.606518
0.016702 4.629486
0.020878 4.658796
0.025053 4.694285
0.029229 4.735764
0.033404 4.783016
0.037580 4.835798
0.041756 4.893850
0.045931 4.956895
0.050107 5.024643
0.054282 5.096798
0.058458 5.173059
0.062633 5.253136
0.066809 5.336763
0.070984 5.423742
0.075160 5.514089
0.079335 5.608679
0.083511 5.714551
0.087687 5.879410
0.091862 6.092743
0.096038 6.307068
0.100213 6.515863
0.104389 6.717856
0.108564 6.912558
0.112740 7.099694
0.116915 7.279073
0.121091 7.450553
0.125267 7.614026
0.129442 7.717748
0.133618 7.724323
0.137793 7.719958
0.141969 7.705549
0.146144 7.682043
0.150320 7.650392
0.154495 7.611511
0.158671 7.566259
0.162846 7.515422
0.167022 7.487198
0.171198 7.548893
0.175373 7.605468
0.179549 7.656554
0.183724 7.701781
0.187900 7.740790
0.192075 7.773244
0.196251 7.798844
0.200426 7.817352
0.204602 7.828616
0.208777 7.832596

0.208777 7.832596
0.210865 7.831614
0.212953 7.828869
0.215041 7.824405
0.217129 7.818279
0.219216 7.810566
0.221304 7.801356
0.223392 7.790760
0.225480 7.778914
0.227567 7.765978
0.229655 7.752148
0.231743 7.737654
0.233831 7.722773
0.235919 7.707834
0.238006 7.693221
0.240094 7.679379
0.242182 7.666799
0.244270 7.655997
0.246357 7.647462
0.248445 7.641587
0.250533 7.638604
0.252621 7.638540
0.254709 7.641216
0.256796 7.646304
0.258884 7.653392
0.260972 7.662052
0.263060 7.671883
0.265147 7.682534
0.267235 7.693711
0.269323 7.705171
0.271411 7.716721
0.273498 7.728202
0.275586 7.739490
0.277674 7.750483
0.279762 7.761100
0.281850 7.771276
0.283937 7.780957
0.286025 7.790098
0.288113 7.798666
0.290201 7.806628
0.292289 7.813962
0.294376 7.820647
0.296464 7.826665
0.298552 7.832004
0.300640 7.836652
0.302727 7.840599
0.304815 7.843837
0.306903 7.846362
0.308991 7.848169
0.311078 7.849254
0.313166 7.849616

0.313166 7.849616
0.316786 7.851207
0.320406 7.855877
0.324026 7.863325
0.327645 7.873066
0.331265 7.884457
0.334885 7.896724
0.338505 7.908985
0.342124 7.920272
0.345744 7.929542
0.349364 7.935682
0.352984 7.937485
0.356603 7.933561
0.360223 7.921946
0.363843 7.897904
0.367463 7.839057
0.371082 7.716377
0.374702 7.566794
0.378322 7.406784
0.381942 7.239378
0.385561 7.065515
0.389181 6.885652
0.392801 6.700095
0.396421 6.509089
0.400040 6.312849
0.403660 6.111578
0.407280 5.905469
0.410900 5.694712
0.414519 5.520700
0.418139 5.454339
0.421759 5.388383
0.425379 5.323102
0.428998 5.258775
0.432618 5.195684
0.436238 5.134116
0.439858 5.074359
0.443477 5.016705
0.447097 4.961443
0.450717 4.908861
0.454337 4.859240
0.457956 4.812857
0.461576 4.769976
0.465196 4.730850
0.468816 4.695715
0.472435 4.664789
0.476055 4.638269
0.479675 4.616326
0.483295 4.599105
0.486914 4.586720
0.490534 4.579256
0.494154 4.576762

0.494154 4.576762
0.496081 4.576167
0.498008 4.574384
0.499935 4.571413
0.501862 4.567254
0.503790 4.561910
0.505717 4.555383
0.507644 4.547674
0.509571 4.538787
0.511498 4.528726
0.513425 4.517493
0.515352 4.505092
0.517280 4.491529
0.519207 4.476809
0.521134 4.460936
0.523061 4.443916
0.524988 4.425756
0.526915 4.406461
0.528843 4.386040
0.530770 4.364499
0.532697 4.341845
0.534624 4.318088
0.536551 4.293234
0.538478 4.267293
0.540405 4.240274
0.542333 4.212185
0.544260 4.183037
0.546187 4.152840
0.548114 4.121603
0.550041 4.089338
0.551968 4.056054
0.553896 4.021764
0.555823 3.986477
0.557750 3.950206
0.559677 3.912963
0.561604 3.874759
0.563531 3.835606
0.565458 3.795518
0.567386 3.754505
0.569313 3.712582
0.571240 3.669762
0.573167 3.626056
0.575094 3.581479
0.577021 3.536044
0.578949 3.489764
0.580876 3.442654
0.582803 3.394727
0.584730 3.345996
0.586657 3.296476
0.588584 3.246182
0.590511 3.195126


0.000000 4.576762
0.004176 4.586046
0.008351 4.613720
0.012527 4.659257
0.016702 4.721814
0.020878 4.800276
0.025053 4.893316
0.029229 4.999450
0.033404 5.117092
0.037580 5.244606
0.041756 5.380345
0.045931 5.522683
0.050107 5.670031
0.054282 5.820856
0.058458 5.973684
0.062633 6.127104
0.066809 6.279764
0.070984 6.430364
0.075160 6.577657
0.079335 6.720435
0.083511 6.857532
0.087687 6.987815
0.091862 7.110188
0.096038 7.223602
0.100213 7.327070
0.104389 7.419688
0.108564 7.500680
0.112740 7.569430
0.116915 7.625536
0.121091 7.668841
0.125267 7.699455
0.129442 7.769413
0.133618 7.916661
0.137793 8.055745
0.141969 8.186671
0.146144 8.309474
0.150320 8.424224
0.154495 8.531028
0.158671 8.630034
0.162846 8.721434
0.167022 8.805466
0.171198 8.882421
0.175373 8.952640
0.179549 9.016517
0.183724 9.074495
0.187900 9.127062
0.192075 9.174740
0.196251 9.218076
0.200426 9.257623
0.204602 9.293925
0.208777 9.327498

0.208777 9.327498
0.210865 9.312286
0.212953 9.296713
0.215041 9.281556
0.217129 9.266899
0.219216 9.252810
0.221304 9.239344
0.223392 9.226553
0.225480 9.214477
0.227567 9.203149
0.229655 9.192593
0.231743 9.182825
0.233831 9.173854
0.235919 9.165678
0.238006 9.158292
0.240094 9.151680
0.242182 9.145823
0.244270 9.140695
0.246357 9.136267
0.248445 9.132505
0.250533 9.129372
0.252621 9.126829
0.254709 9.124835
0.256796 9.123348
0.258884 9.122325
0.260972 9.121724
0.263060 9.121503
0.265147 9.121619
0.267235 9.122032
0.269323 9.122702
0.271411 9.123592
0.273498 9.124665
0.275586 9.125886
0.277674 9.127222
0.279762 9.128643
0.281850 9.130119
0.283937 9.131624
0.286025 9.133131
0.288113 9.134617
0.290201 9.136062
0.292289 9.137445
0.294376 9.138748
0.296464 9.139957
0.298552 9.141056
0.300640 9.142033
0.302727 9.142878
0.304815 9.143581
0.306903 9.144136
0.308991 9.144536
0.311078 9.144777
0.313166 9.144858

0.313166 9.144858
0.316786 9.137638
0.320406 9.116228
0.324026 9.081301
0.327645 9.033777
0.331265 8.974630
0.334885 8.904773
0.338505 8.825001
0.342124 8.735991
0.345744 8.638316
0.349364 8.532495
0.352984 8.419040
0.356603 8.298596
0.360223 8.172364
0.363843 8.044355
0.367463 7.936297
0.371082 7.876703
0.374702 7.828303
0.378322 7.774483
0.381942 7.712297
0.385561 7.641102
0.389181 7.560921
0.392801 7.472086
0.396421 7.375108
0.400040 7.270607
0.403660 7.159276
0.407280 7.041848
0.410900 6.919077
0.414519 6.791737
0.418139 6.660609
0.421759 6.526481
0.425379 6.390156
0.428998 6.252446
0.432618 6.114184
0.436238 5.976220
0.439858 5.839432
0.443477 5.704723
0.447097 5.573024
0.450717 5.445296
0.454337 5.322524
0.457956 5.205717
0.461576 5.095896
0.465196 4.994086
0.468816 4.901299
0.472435 4.818514
0.476055 4.746659
0.479675 4.686580
0.483295 4.639020
0.486914 4.604589
0.490534 4.583742
0.494154 4.576762

0.494154 4.576762
0.496081 4.576167
0.498008 4.574384
0.499935 4.571413
0.501862 4.567254
0.503790 4.561910
0.505717 4.555383
0.507644 4.547674
0.509571 4.538788
0.511498 4.528726
0.513425 4.517493
0.515352 4.505092
0.517280 4.491529
0.519207 4.476809
0.521134 4.460936
0.523061 4.443916
0.524988 4.425756
0.526915 4.406461
0.528843 4.386040
0.530770 4.364499
0.532697 4.341845
0.534624 4.318088
0.536551 4.293234
0.538478 4.267293
0.540405 4.240274
0.542333 4.212185
0.544260 4.183037
0.546187 4.152840
0.548114 4.132506
0.550041 4.271564
0.551968 4.409723
0.553896 4.546952
0.555823 4.683218
0.557750 4.818492
0.559677 4.952742
0.561604 5.085936
0.563531 5.218043
0.565458 5.349031
0.567386 5.478870
0.569313 5.607527
0.571240 5.734971
0.573167 5.861172
0.575094 5.986096
0.577021 6.109713
0.578949 6.231990
0.580876 6.352897
0.582803 6.472402
0.584730 6.590472
0.586657 6.707077
0.588584 6.822184
0.590511 6.935761


0.000000 10.006974
0.004176 10.006085
0.008351 10.003420
0.012527 9.998990
0.016702 9.992813
0.020878 9.984915
0.025053 9.975328
0.029229 9.964097
0.033404 9.951272
0.037580 9.936917
0.041756 9.921106
0.045931 9.903930
0.050107 9.885493
0.054282 9.865917
0.058458 9.845346
0.062633 9.823947
0.066809 9.801913
0.070984 9.779468
0.075160 9.756869
0.079335 9.734408
0.083511 9.712415
0.087687 9.691255
0.091862 9.671325
0.096038 9.653040
0.100213 9.636819
0.104389 9.623055
0.108564 9.612079
0.112740 9.604116
0.116915 9.599238
0.121091 9.597335
0.125267 9.598084
0.129442 9.600967
0.133618 9.605293
0.137793 9.610261
0.141969 9.615016
0.146144 9.618717
0.150320 9.620590
0.154495 9.619967
0.158671 9.616310
0.162846 9.609227
0.167022 9.598477
0.171198 9.583963
0.175373 9.565735
0.179549 9.543974
0.183724 9.518988
0.187900 9.491197
0.192075 9.461120
0.196251 9.429358
0.200426 9.396572
0.204602 9.363461
0.208777 9.330730

0.208777 9.330730
0.210865 9.345812
0.212953 9.361110
0.215041 9.375971
0.217129 9.390425
0.219216 9.404509
0.221304 9.418256
0.223392 9.431696
0.225480 9.444855
0.227567 9.457752
0.229655 9.470406
0.231743 9.482829
0.233831 9.495031
0.235919 9.507019
0.238006 9.518796
0.240094 9.530364
0.242182 9.541721
0.244270 9.552864
0.246357 9.563790
0.248445 9.574492
0.250533 9.584964
0.252621 9.595198
0.254709 9.605187
0.256796 9.614920
0.258884 9.624391
0.260972 9.633589
0.263060 9.642506
0.265147 9.651133
0.267235 9.659461
0.269323 9.667481
0.271411 9.675185
0.273498 9.682566
0.275586 9.689614
0.277674 9.696324
0.279762 9.702687
0.281850 9.708698
0.283937 9.714350
0.286025 9.719637
0.288113 9.724555
0.290201 9.729097
0.292289 9.733259
0.294376 9.737037
0.296464 9.740428
0.298552 9.743428
0.300640 9.746033
0.302727 9.748243
0.304815 9.750053
0.306903 9.751463
0.308991 9.752471
0.311078 9.753076
0.313166 9.753278

0.313166 9.753278
0.316786 9.753633
0.320406 9.754488
0.324026 9.755298
0.327645 9.755361
0.331265 9.754006
0.334885 9.750724
0.338505 9.745218
0.342124 9.737422
0.345744 9.727480
0.349364 9.715722
0.352984 9.702638
0.356603 9.688839
0.360223 9.675016
0.363843 9.661898
0.367463 9.650196
0.371082 9.640552
0.374702 9.633488
0.378322 9.629376
0.381942 9.628417
0.385561 9.630651
0.389181 9.635968
0.392801 9.644149
0.396421 9.654896
0.400040 9.667864
0.403660 9.682692
0.407280 9.699021
0.410900 9.716509
0.414519 9.734837
0.418139 9.753716
0.421759 9.772888
0.425379 9.792123
0.428998 9.811219
0.432618 9.829998
0.436238 9.848305
0.439858 9.866007
0.443477 9.882987
0.447097 9.899143
0.450717 9.914387
0.454337 9.928643
0.457956 9.941847
0.461576 9.953941
0.465196 9.964877
0.468816 9.974615
0.472435 9.983120
0.476055 9.990362
0.479675 9.996318
0.483295 10.000970
0.486914 10.004302
0.490534 10.006306
0.494154 10.006974

0.494154 10.006974
0.496081 10.005627
0.498008 10.001587
0.499935 9.994856
0.501862 9.985437
0.503790 9.973335
0.505717 9.958556
0.507644 9.941108
0.509571 9.920999
0.511498 9.898240
0.513425 9.872841
0.515352 9.844815
0.517280 9.814176
0.519207 9.780939
0.521134 9.745119
0.523061 9.706734
0.524988 9.665802
0.526915 9.622341
0.528843 9.576373
0.530770 9.527917
0.532697 9.476996
0.534624 9.423632
0.536551 9.367850
0.538478 9.309672
0.540405 9.249124
0.542333 9.186232
0.544260 9.121022
0.546187 9.053520
0.548114 8.983754
0.550041 8.911751
0.551968 8.837540
0.553896 8.761150
0.555823 8.682609
0.557750 8.601947
0.559677 8.519193
0.561604 8.434378
0.563531 8.347532
0.565458 8.258685
0.567386 8.167868
0.569313 8.075112
0.571240 7.980448
0.573167 7.883906
0.575094 7.785519
0.577021 7.685318
0.578949 7.583334
0.580876 7.479599
0.582803 7.374144
0.584730 7.267001
0.586657 7.158202
0.588584 7.047778
0.590511 6.935761


0.000000 22.792043
0.004176 22.779157
0.008351 22.748483
0.012527 22.709750
0.016702 22.667205
0.020878 22.622529
0.025053 22.576497
0.029229 22.529538
0.033404 22.481933
0.037580 22.433893
0.041756 22.385595
0.045931 22.337194
0.050107 22.288837
0.054282 22.240665
0.058458 22.192813
0.062633 22.145415
0.066809 22.098602
0.070984 22.052503
0.075160 22.007246
0.079335 21.962954
0.083511 21.919746
0.087687 21.877740
0.091862 21.837047
0.096038 21.797771
0.100213 21.760011
0.104389 21.723861
0.108564 21.689402
0.112740 21.656713
0.116915 21.625858
0.121091 21.596897
0.125267 21.569878
0.129442 21.544841
0.133618 21.521816
0.137793 21.500825
0.141969 21.481882
0.146144 21.464991
0.150320 21.450152
0.154495 21.437355
0.158671 21.426586
0.162846 21.417823
0.167022 21.411040
0.171198 21.406207
0.175373 21.403288
0.179549 21.402241
0.183724 21.403022
0.187900 21.405582
0.192075 21.409864
0.196251 21.415810
0.200426 21.423353
0.204602 21.432422
0.208777 21.442940

0.208777 21.442940
0.210865 21.438039
0.212953 21.433754
0.215041 21.430328
0.217129 21.427760
0.219216 21.426043
0.221304 21.425168
0.223392 21.425125
0.225480 21.425900
0.227567 21.427479
0.229655 21.429846
0.231743 21.432981
0.233831 21.436866
0.235919 21.441479
0.238006 21.446795
0.240094 21.452792
0.242182 21.459442
0.244270 21.466716
0.246357 21.474587
0.248445 21.483021
0.250533 21.491987
0.252621 21.501450
0.254709 21.511375
0.256796 21.521723
0.258884 21.532455
0.260972 21.543530
0.263060 21.554905
0.265147 21.566535
0.267235 21.578372
0.269323 21.590369
0.271411 21.602472
0.273498 21.614629
0.275586 21.626782
0.277674 21.638873
0.279762 21.650840
0.281850 21.662618
0.283937 21.674140
0.286025 21.685336
0.288113 21.696134
0.290201 21.706460
0.292289 21.716237
0.294376 21.725388
0.296464 21.733838
0.298552 21.741510
0.300640 21.748333
0.302727 21.754237
0.304815 21.759161
0.306903 21.763051
0.308991 21.765863
0.311078 21.767564
0.313166 21.768133

0.313166 21.768133
0.316786 21.753326
0.320406 21.730931
0.324026 21.709494
0.327645 21.690067
0.331265 21.672955
0.334885 21.658310
0.338505 21.646230
0.342124 21.636780
0.345744 21.630008
0.349364 21.625941
0.352984 21.624592
0.356603 21.625956
0.360223 21.630018
0.363843 21.636745
0.367463 21.646093
0.371082 21.658006
0.374702 21.672416
0.378322 21.689246
0.381942 21.708409
0.385561 21.729809
0.389181 21.753345
0.392801 21.778908
0.396421 21.806387
0.400040 21.835663
0.403660 21.866618
0.407280 21.899130
0.410900 21.933076
0.414519 21.968331
0.418139 22.004773
0.421759 22.042279
0.425379 22.080726
0.428998 22.119996
0.432618 22.159969
0.436238 22.200528
0.439858 22.241561
0.443477 22.282953
0.447097 22.324593
0.450717 22.366372
0.454337 22.408178
0.457956 22.449899
0.461576 22.491417
0.465196 22.532602
0.468816 22.573305
0.472435 22.613339
0.476055 22.652441
0.479675 22.690191
0.483295 22.725822
0.486914 22.757718
0.490534 22.782179
0.494154 22.792043

0.494154 22.792043
0.496081 22.792191
0.498008 22.792634
0.499935 22.793372
0.501862 22.794405
0.503790 22.795730
0.505717 22.797347
0.507644 22.799253
0.509571 22.801446
0.511498 22.803925
0.513425 22.806685
0.515352 22.809724
0.517280 22.813038
0.519207 22.816624
0.521134 22.820477
0.523061 22.824594
0.524988 22.828968
0.526915 22.833596
0.528843 22.838472
0.530770 22.843591
0.532697 22.848946
0.534624 22.854533
0.536551 22.860344
0.538478 22.866373
0.540405 22.872614
0.542333 22.879059
0.544260 22.885702
0.546187 22.892535
0.548114 22.899550
0.550041 22.906741
0.551968 22.914099
0.553896 22.921616
0.555823 22.929284
0.557750 22.937096
0.559677 22.945042
0.561604 22.953114
0.563531 22.961304
0.565458 22.969603
0.567386 22.978002
0.569313 22.986493
0.571240 22.995067
0.573167 23.003715
0.575094 23.012428
0.577021 23.021197
0.578949 23.030014
0.580876 23.038869
0.582803 23.047753
0.584730 23.056658
0.586657 23.065575
0.588584 23.074494
0.590511 23.083408


0.000000 22.792043
0.004176 22.791674
0.008351 22.790570
0.012527 22.788732
0.016702 22.786164
0.020878 22.782870
0.025053 22.778852
0.029229 22.774111
0.033404 22.768641
0.037580 22.762428
0.041756 22.755447
0.045931 22.747654
0.050107 22.738981
0.054282 22.729325
0.058458 22.718541
0.062633 22.706426
0.066809 22.692712
0.070984 22.677059
0.075160 22.659057
0.079335 22.638264
0.083511 22.614256
0.087687 22.586713
0.091862 22.555488
0.096038 22.520640
0.100213 22.482414
0.104389 22.441181
0.108564 22.397373
0.112740 22.351428
0.116915 22.303772
0.121091 22.254798
0.125267 22.204872
0.129442 22.154335
0.133618 22.103508
0.137793 22.052698
0.141969 22.002201
0.146144 21.952302
0.150320 21.903284
0.154495 21.855420
0.158671 21.808978
0.162846 21.764218
0.167022 21.721393
0.171198 21.680743
0.175373 21.642495
0.179549 21.606861
0.183724 21.574037
0.187900 21.544194
0.192075 21.517483
0.196251 21.494032
0.200426 21.473937
0.204602 21.457270
0.208777 21.444072

0.208777 21.444072
0.210865 21.449637
0.212953 21.455782
0.215041 21.462250
0.217129 21.469024
0.219216 21.476091
0.221304 21.483437
0.223392 21.491049
0.225480 21.498912
0.227567 21.507012
0.229655 21.515334
0.231743 21.523863
0.233831 21.532582
0.235919 21.541475
0.238006 21.550524
0.240094 21.559713
0.242182 21.569023
0.244270 21.578436
0.246357 21.587931
0.248445 21.597491
0.250533 21.607094
0.252621 21.616719
0.254709 21.626346
0.256796 21.635952
0.258884 21.645516
0.260972 21.655013
0.263060 21.664422
0.265147 21.673718
0.267235 21.682877
0.269323 21.691875
0.271411 21.700686
0.273498 21.709286
0.275586 21.717648
0.277674 21.725748
0.279762 21.733560
0.281850 21.741059
0.283937 21.748219
0.286025 21.755015
0.288113 21.761423
0.290201 21.767420
0.292289 21.772981
0.294376 21.778087
0.296464 21.782715
0.298552 21.786847
0.300640 21.790466
0.302727 21.793556
0.304815 21.796103
0.306903 21.798096
0.308991 21.799526
0.311078 21.800387
0.313166 21.800674

0.313166 21.800674
0.316786 21.817538
0.320406 21.846093
0.324026 21.877772
0.327645 21.911489
0.331265 21.946884
0.334885 21.983742
0.338505 22.021885
0.342124 22.061156
0.345744 22.101401
0.349364 22.142477
0.352984 22.184241
0.356603 22.226557
0.360223 22.269294
0.363843 22.312324
0.367463 22.355527
0.371082 22.398784
0.374702 22.441986
0.378322 22.485027
0.381942 22.527807
0.385561 22.570230
0.389181 22.612209
0.392801 22.633858
0.396421 22.641427
0.400040 22.649178
0.403660 22.657072
0.407280 22.665068
0.410900 22.673125
0.414519 22.681200
0.418139 22.689254
0.421759 22.697244
0.425379 22.705130
0.428998 22.712874
0.432618 22.720437
0.436238 22.727781
0.439858 22.734872
0.443477 22.741674
0.447097 22.748155
0.450717 22.754285
0.454337 22.760034
0.457956 22.765376
0.461576 22.770286
0.465196 22.774741
0.468816 22.778721
0.472435 22.782207
0.476055 22.785184
0.479675 22.787639
0.483295 22.789559
0.486914 22.790937
0.490534 22.791766
0.494154 22.792043

0.494154 22.792043
0.496081 22.792191
0.498008 22.792634
0.499935 22.793372
0.501862 22.794405
0.503790 22.795730
0.505717 22.797347
0.507644 22.799253
0.509571 22.801446
0.511498 22.803925
0.513425 22.806685
0.515352 22.809724
0.517280 22.813038
0.519207 22.816624
0.521134 22.820477
0.523061 22.824594
0.524988 22.828968
0.526915 22.833596
0.528843 22.838472
0.530770 22.843591
0.532697 22.848947
0.534624 22.854533
0.536551 22.860344
0.538478 22.866373
0.540405 22.872614
0.542333 22.879059
0.544260 22.885702
0.546187 22.892535
0.548114 22.899550
0.550041 22.906741
0.551968 22.914099
0.553896 22.921616
0.555823 22.929284
0.557750 22.937096
0.559677 22.945042
0.561604 22.953114
0.563531 22.961304
0.565458 22.969603
0.567386 22.978002
0.569313 22.986493
0.571240 22.995067
0.573167 23.003715
0.575094 23.012428
0.577021 23.021198
0.578949 23.030014
0.580876 23.038869
0.582803 23.047753
0.584730 23.056658
0.586657 23.065575
0.588584 23.074494
0.590511 23.083408


0.000000 22.933308
0.004176 22.945186
0.008351 22.972839
0.012527 23.006544
0.016702 23.042063
0.020878 23.077721
0.025053 23.112739
0.029229 23.146646
0.033404 23.179027
0.037580 23.209246
0.041756 23.215258
0.045931 23.188847
0.050107 23.161081
0.054282 23.132201
0.058458 23.102488
0.062633 23.072280
0.066809 23.041980
0.070984 23.012064
0.075160 22.983078
0.079335 22.955609
0.083511 22.930224
0.087687 22.907394
0.091862 22.887420
0.096038 22.870402
0.100213 22.856258
0.104389 22.844785
0.108564 22.835724
0.112740 22.828813
0.116915 22.823807
0.121091 22.820496
0.125267 22.818699
0.129442 22.818265
0.133618 22.819059
0.137793 22.820964
0.141969 22.823869
0.146144 22.827668
0.150320 22.832256
0.154495 22.837525
0.158671 22.843363
0.162846 22.849652
0.167022 22.856264
0.171198 22.863062
0.175373 22.869901
0.179549 22.876624
0.183724 22.883062
0.187900 22.889040
0.192075 22.894372
0.196251 22.898866
0.200426 22.902329
0.204602 22.904571
0.208777 22.905409

0.208777 22.905409
0.210865 22.905188
0.212953 22.904552
0.215041 22.903485
0.217129 22.901970
0.219216 22.899995
0.221304 22.897548
0.223392 22.894621
0.225480 22.891207
0.227567 22.887302
0.229655 22.882905
0.231743 22.878016
0.233831 22.872638
0.235919 22.866779
0.238006 22.860445
0.240094 22.853647
0.242182 22.846398
0.244270 22.838713
0.246357 22.830608
0.248445 22.822101
0.250533 22.813214
0.252621 22.803969
0.254709 22.794390
0.256796 22.784503
0.258884 22.774336
0.260972 22.763919
0.263060 22.753285
0.265147 22.742466
0.267235 22.731498
0.269323 22.720422
0.271411 22.709277
0.273498 22.698107
0.275586 22.686958
0.277674 22.675879
0.279762 22.664923
0.281850 22.654145
0.283937 22.643603
0.286025 22.633359
0.288113 22.623477
0.290201 22.614024
0.292289 22.605068
0.294376 22.596680
0.296464 22.588931
0.298552 22.581889
0.300640 22.575623
0.302727 22.570198
0.304815 22.565670
0.306903 22.562091
0.308991 22.559504
0.311078 22.557938
0.313166 22.557414

0.313166 22.557414
0.316786 22.557493
0.320406 22.557736
0.324026 22.558161
0.327645 22.558797
0.331265 22.559679
0.334885 22.560845
0.338505 22.562335
0.342124 22.564184
0.345744 22.566425
0.349364 22.569082
0.352984 22.572174
0.356603 22.575714
0.360223 22.579705
0.363843 22.584146
0.367463 22.589029
0.371082 22.594340
0.374702 22.600060
0.378322 22.606165
0.381942 22.612630
0.385561 22.619423
0.389181 22.626511
0.392801 22.653660
0.396421 22.694503
0.400040 22.734664
0.403660 22.774073
0.407280 22.812665
0.410900 22.850377
0.414519 22.887149
0.418139 22.922923
0.421759 22.957642
0.425379 22.991248
0.428998 23.023678
0.432618 23.054862
0.436238 23.084708
0.439858 23.113085
0.443477 23.139767
0.447097 23.164260
0.450717 23.185160
0.454337 23.197455
0.457956 23.191044
0.461576 23.169904
0.465196 23.143409
0.468816 23.114669
0.472435 23.084680
0.476055 23.053967
0.479675 23.023044
0.483295 22.992714
0.486914 22.964603
0.490534 22.942414
0.494154 22.933308

0.494154 22.933308
0.496081 22.933531
0.498008 22.934200
0.499935 22.935315
0.501862 22.936872
0.503790 22.938868
0.505717 22.941301
0.507644 22.944165
0.509571 22.947455
0.511498 22.951165
0.513425 22.955288
0.515352 22.959816
0.517280 22.964741
0.519207 22.970054
0.521134 22.975746
0.523061 22.981806
0.524988 22.988223
0.526915 22.994987
0.528843 23.002086
0.530770 23.009508
0.532697 23.017239
0.534624 23.025268
0.536551 23.033581
0.538478 23.042165
0.540405 23.051006
0.542333 23.060091
0.544260 23.069404
0.546187 23.078933
0.548114 23.088663
0.550041 23.098580
0.551968 23.108670
0.553896 23.118918
0.555823 23.129310
0.557750 23.139833
0.559677 23.150472
0.561604 23.161214
0.563531 23.172044
0.565458 23.182950
0.567386 23.186792
0.569313 23.178611
0.571240 23.170324
0.573167 23.161939
0.575094 23.153465
0.577021 23.144908
0.578949 23.136278
0.580876 23.127582
0.582803 23.118828
0.584730 23.110025
0.586657 23.101182
0.588584 23.092307
0.590511 23.083408


0.000000 23.359819
0.004176 23.358142
0.008351 23.353155
0.012527 23.344977
0.016702 23.333787
0.020878 23.319795
0.025053 23.303220
0.029229 23.284276
0.033404 23.263170
0.037580 23.240099
0.041756 23.235676
0.045931 23.253051
0.050107 23.254383
0.054282 23.245389
0.058458 23.232577
0.062633 23.218028
0.066809 23.202446
0.070984 23.186167
0.075160 23.169402
0.079335 23.152312
0.083511 23.135040
0.087687 23.117718
0.091862 23.100472
0.096038 23.083426
0.100213 23.066700
0.104389 23.050409
0.108564 23.034666
0.112740 23.019577
0.116915 23.005244
0.121091 22.991758
0.125267 22.979204
0.129442 22.967653
0.133618 22.957167
0.137793 22.947793
0.141969 22.939561
0.146144 22.932487
0.150320 22.926569
0.154495 22.921784
0.158671 22.918094
0.162846 22.915437
0.167022 22.913735
0.171198 22.912890
0.175373 22.912785
0.179549 22.913288
0.183724 22.914253
0.187900 22.915522
0.192075 22.916931
0.196251 22.918312
0.200426 22.919497
0.204602 22.920328
0.208777 22.920656

0.208777 22.920656
0.210865 22.920565
0.212953 22.920300
0.215041 22.919846
0.217129 22.919194
0.219216 22.918335
0.221304 22.917259
0.223392 22.915962
0.225480 22.914439
0.227567 22.912689
0.229655 22.910709
0.231743 22.908502
0.233831 22.906070
0.235919 22.903417
0.238006 22.900549
0.240094 22.897473
0.242182 22.894198
0.244270 22.890733
0.246357 22.887090
0.248445 22.883280
0.250533 22.879316
0.252621 22.875212
0.254709 22.870984
0.256796 22.866646
0.258884 22.862215
0.260972 22.857709
0.263060 22.853145
0.265147 22.848541
0.267235 22.843917
0.269323 22.839293
0.271411 22.834687
0.273498 22.830122
0.275586 22.825617
0.277674 22.821193
0.279762 22.816873
0.281850 22.812676
0.283937 22.808626
0.286025 22.804742
0.288113 22.801045
0.290201 22.797557
0.292289 22.794295
0.294376 22.791281
0.296464 22.788530
0.298552 22.786061
0.300640 22.783888
0.302727 22.782024
0.304815 22.780483
0.306903 22.779273
0.308991 22.778404
0.311078 22.777880
0.313166 22.777704

0.313166 22.777704
0.316786 22.778476
0.320406 22.780782
0.324026 22.784591
0.327645 22.789855
0.331265 22.796513
0.334885 22.804490
0.338505 22.813707
0.342124 22.824078
0.345744 22.835515
0.349364 22.847933
0.352984 22.861244
0.356603 22.875363
0.360223 22.890207
0.363843 22.905696
0.367463 22.921751
0.371082 22.938294
0.374702 22.955250
0.378322 22.972546
0.381942 22.990111
0.385561 23.007874
0.389181 23.025768
0.392801 23.043724
0.396421 23.061679
0.400040 23.079568
0.403660 23.097330
0.407280 23.114904
0.410900 23.132232
0.414519 23.149258
0.418139 23.165926
0.421759 23.182184
0.425379 23.197981
0.428998 23.213269
0.432618 23.228002
0.436238 23.242134
0.439858 23.255624
0.443477 23.268432
0.447097 23.280522
0.450717 23.273247
0.454337 23.257763
0.457956 23.258503
0.461576 23.271464
0.465196 23.287250
0.468816 23.302747
0.472435 23.316988
0.476055 23.329546
0.479675 23.340158
0.483295 23.348629
0.486914 23.354803
0.490534 23.358559
0.494154 23.359819

0.494154 23.359819
0.496081 23.359686
0.498008 23.359287
0.499935 23.358623
0.501862 23.357693
0.503790 23.356499
0.505717 23.355042
0.507644 23.353323
0.509571 23.351343
0.511498 23.349104
0.513425 23.346609
0.515352 23.343858
0.517280 23.340855
0.519207 23.337602
0.521134 23.334102
0.523061 23.330357
0.524988 23.326372
0.526915 23.322149
0.528843 23.317692
0.530770 23.313004
0.532697 23.308091
0.534624 23.302956
0.536551 23.297604
0.538478 23.292038
0.540405 23.286265
0.542333 23.280290
0.544260 23.274116
0.546187 23.267751
0.548114 23.261199
0.550041 23.254467
0.551968 23.247560
0.553896 23.240484
0.555823 23.233246
0.557750 23.225853
0.559677 23.218311
0.561604 23.210626
0.563531 23.202807
0.565458 23.194860
0.567386 23.186792
0.569313 23.178611
0.571240 23.170324
0.573167 23.161940
0.575094 23.153465
0.577021 23.144909
0.578949 23.136278
0.580876 23.127582
0.582803 23.118828
0.584730 23.110025
0.586657 23.101182
0.588584 23.092307
0.590511 23.083408


0.000000 23.359820
0.004176 23.359171
0.008351 23.357231
0.012527 23.354018
0.016702 23.349565
0.020878 23.343923
0.025053 23.337172
0.029229 23.329442
0.033404 23.320976
0.037580 23.312317
0.041756 23.305056
0.045931 23.304452
0.050107 23.317514
0.054282 23.338561
0.058458 23.361145
0.062633 23.383254
0.066809 23.404266
0.070984 23.423944
0.075160 23.442182
0.079335 23.458937
0.083511 23.474192
0.087687 23.487950
0.091862 23.500229
0.096038 23.511054
0.100213 23.520460
0.104389 23.528489
0.108564 23.535190
0.112740 23.540619
0.116915 23.544837
0.121091 23.547911
0.125267 23.549912
0.129442 23.550918
0.133618 23.551009
0.137793 23.550272
0.141969 23.548795
0.146144 23.546674
0.150320 23.544004
0.154495 23.540886
0.158671 23.537425
0.162846 23.533726
0.167022 23.529898
0.171198 23.526054
0.175373 23.522305
0.179549 23.518766
0.183724 23.515548
0.187900 23.512762
0.192075 23.510514
0.196251 23.508903
0.200426 23.508017
0.204602 23.507933
0.208777 23.508709

0.208777 23.508709
0.210865 23.508219
0.212953 23.507911
0.215041 23.507820
0.217129 23.507950
0.219216 23.508306
0.221304 23.508890
0.223392 23.509701
0.225480 23.510738
0.227567 23.511999
0.229655 23.513477
0.231743 23.515167
0.233831 23.517059
0.235919 23.519146
0.238006 23.521415
0.240094 23.523854
0.242182 23.526450
0.244270 23.529189
0.246357 23.532056
0.248445 23.535035
0.250533 23.538112
0.252621 23.541269
0.254709 23.544491
0.256796 23.547761
0.258884 23.551063
0.260972 23.554382
0.263060 23.557702
0.265147 23.561008
0.267235 23.564285
0.269323 23.567518
0.271411 23.570694
0.273498 23.573800
0.275586 23.576823
0.277674 23.579751
0.279762 23.582572
0.281850 23.585277
0.283937 23.587854
0.286025 23.590294
0.288113 23.592589
0.290201 23.594731
0.292289 23.596711
0.294376 23.598523
0.296464 23.600160
0.298552 23.601619
0.300640 23.602892
0.302727 23.603977
0.304815 23.604869
0.306903 23.605566
0.308991 23.606066
0.311078 23.606366
0.313166 23.606466

0.313166 23.606466
0.316786 23.606444
0.320406 23.606376
0.324026 23.606263
0.327645 23.606103
0.331265 23.605892
0.334885 23.605621
0.338505 23.605273
0.342124 23.604824
0.345744 23.604236
0.349364 23.603456
0.352984 23.602415
0.356603 23.601028
0.360223 23.599198
0.363843 23.596822
0.367463 23.593803
0.371082 23.590053
0.374702 23.585505
0.378322 23.580106
0.381942 23.573820
0.385561 23.566622
0.389181 23.558489
0.392801 23.549405
0.396421 23.539355
0.400040 23.528323
0.403660 23.516296
0.407280 23.503262
0.410900 23.489210
0.414519 23.474133
0.418139 23.458024
0.421759 23.440885
0.425379 23.422718
0.428998 23.403538
0.432618 23.383369
0.436238 23.362261
0.439858 23.340306
0.443477 23.317694
0.447097 23.294884
0.450717 23.291858
0.454337 23.302407
0.457956 23.312140
0.461576 23.321030
0.465196 23.329051
0.468816 23.336181
0.472435 23.342401
0.476055 23.347693
0.479675 23.352043
0.483295 23.355438
0.486914 23.357870
0.490534 23.359332
0.494154 23.359820

0.494154 23.359820
0.496081 23.359686
0.498008 23.359287
0.499935 23.358623
0.501862 23.357693
0.503790 23.356499
0.505717 23.355042
0.507644 23.353323
0.509571 23.351343
0.511498 23.349104
0.513425 23.346609
0.515352 23.343858
0.517280 23.340855
0.519207 23.337602
0.521134 23.334102
0.523061 23.330357
0.524988 23.326372
0.526915 23.322149
0.528843 23.317692
0.530770 23.313004
0.532697 23.308091
0.534624 23.302956
0.536551 23.297604
0.538478 23.292039
0.540405 23.286266
0.542333 23.280290
0.544260 23.274117
0.546187 23.267751
0.548114 23.261199
0.550041 23.254467
0.551968 23.247560
0.553896 23.240484
0.555823 23.233246
0.557750 23.225853
0.559677 23.218311
0.561604 23.210626
0.563531 23.202807
0.565458 23.194860
0.567386 23.193918
0.569313 23.204936
0.571240 23.215989
0.573167 23.227067
0.575094 23.238155
0.577021 23.249244
0.578949 23.260319
0.580876 23.271371
0.582803 23.282388
0.584730 23.293359
0.586657 23.304273
0.588584 23.315121
0.590511 23.325892


0.000000 23.628964
0.004176 23.629362
0.008351 23.630516
0.012527 23.632320
0.016702 23.634617
0.020878 23.637232
0.025053 23.639989
0.029229 23.642731
0.033404 23.645324
0.037580 23.647660
0.041756 23.649659
0.045931 23.651260
0.050107 23.652423
0.054282 23.653123
0.058458 23.653347
0.062633 23.653092
0.066809 23.652365
0.070984 23.651176
0.075160 23.649542
0.079335 23.647484
0.083511 23.645024
0.087687 23.642187
0.091862 23.638999
0.096038 23.635487
0.100213 23.631677
0.104389 23.627597
0.108564 23.623272
0.112740 23.618726
0.116915 23.613984
0.121091 23.609069
0.125267 23.604000
0.129442 23.598798
0.133618 23.593481
0.137793 23.588068
0.141969 23.582577
0.146144 23.577024
0.150320 23.571429
0.154495 23.565811
0.158671 23.560194
0.162846 23.554604
0.167022 23.549073
0.171198 23.543637
0.175373 23.538340
0.179549 23.533235
0.183724 23.528382
0.187900 23.523850
0.192075 23.519714
0.196251 23.516059
0.200426 23.512971
0.204602 23.510535
0.208777 23.508836

0.208777 23.508836
0.210865 23.509564
0.212953 23.510549
0.215041 23.511763
0.217129 23.513207
0.219216 23.514878
0.221304 23.516772
0.223392 23.518886
0.225480 23.521211
0.227567 23.523741
0.229655 23.526466
0.231743 23.529377
0.233831 23.532462
0.235919 23.535707
0.238006 23.539101
0.240094 23.542629
0.242182 23.546277
0.244270 23.550029
0.246357 23.553871
0.248445 23.557786
0.250533 23.561758
0.252621 23.565772
0.254709 23.569812
0.256796 23.573863
0.258884 23.577908
0.260972 23.581934
0.263060 23.585924
0.265147 23.589866
0.267235 23.593744
0.269323 23.597545
0.271411 23.601257
0.273498 23.604867
0.275586 23.608364
0.277674 23.611735
0.279762 23.614971
0.281850 23.618061
0.283937 23.620996
0.286025 23.623766
0.288113 23.626365
0.290201 23.628784
0.292289 23.631015
0.294376 23.633054
0.296464 23.634893
0.298552 23.636528
0.300640 23.637954
0.302727 23.639168
0.304815 23.640165
0.306903 23.640944
0.308991 23.641501
0.311078 23.641837
0.313166 23.641948

0.313166 23.641948
0.316786 23.641943
0.320406 23.641924
0.324026 23.641885
0.327645 23.641816
0.331265 23.641705
0.334885 23.641540
0.338505 23.641311
0.342124 23.641016
0.345744 23.640659
0.349364 23.640255
0.352984 23.639835
0.356603 23.639439
0.360223 23.639118
0.363843 23.638927
0.367463 23.638913
0.371082 23.639111
0.374702 23.639535
0.378322 23.640181
0.381942 23.641030
0.385561 23.642053
0.389181 23.643215
0.392801 23.644478
0.396421 23.645803
0.400040 23.647151
0.403660 23.648486
0.407280 23.649771
0.410900 23.650971
0.414519 23.652053
0.418139 23.652984
0.421759 23.653734
0.425379 23.654276
0.428998 23.654585
0.432618 23.654639
0.436238 23.654419
0.439858 23.653912
0.443477 23.653109
0.447097 23.652009
0.450717 23.650616
0.454337 23.648946
0.457956 23.647024
0.461576 23.644887
0.465196 23.642588
0.468816 23.640194
0.472435 23.637788
0.476055 23.635468
0.479675 23.633344
0.483295 23.631531
0.486914 23.630140
0.490534 23.629263
0.494154 23.628964

0.494154 23.628964
0.496081 23.628831
0.498008 23.628433
0.499935 23.627769
0.501862 23.626840
0.503790 23.625646
0.505717 23.624187
0.507644 23.622465
0.509571 23.620479
0.511498 23.618230
0.513425 23.615719
0.515352 23.612948
0.517280 23.609916
0.519207 23.606624
0.521134 23.603075
0.523061 23.599269
0.524988 23.595209
0.526915 23.590894
0.528843 23.586327
0.530770 23.581510
0.532697 23.576445
0.534624 23.571134
0.536551 23.565579
0.538478 23.559782
0.540405 23.553745
0.542333 23.547473
0.544260 23.540967
0.546187 23.534230
0.548114 23.527266
0.550041 23.520079
0.551968 23.512671
0.553896 23.505046
0.555823 23.497209
0.557750 23.489164
0.559677 23.480916
0.561604 23.472468
0.563531 23.463827
0.565458 23.454997
0.567386 23.445983
0.569313 23.436792
0.571240 23.427430
0.573167 23.417902
0.575094 23.408215
0.577021 23.398377
0.578949 23.388394
0.580876 23.378273
0.582803 23.368023
0.584730 23.357651
0.586657 23.347166
0.588584 23.336577
0.590511 23.325892


